  PID   UID   VSZ  RSS
    1     0   480  240
    2     0     0    0
    3     0     0    0
    4     0     0    0
    5     0     0    0
    6     0     0    0
   10     0     0    0
   11     0     0    0
   59     0  1404  592
   62     0  1344  448
  192     0  1372  512
  419     0     0    0
  442     0  1376  520
  449     0  1456  560
  452     0  4900 2108
  455    25  4788 1944
  459  1000  2740 1644
  460     0  2656 1560
  461     0  1336  468
  462     0  1336  468
  463     0  1336  468
  464     0  1336  468
  657     0  1564  552
  658     0  1572  592
  659     0  2600 1444
  661     0  2144  636
